0.486954
1.46086
2.19129
2.62955
3.45738
4.09042
4.91824
5.50258
5.79476
5.25911
4.67476
4.82085
5.11302
4.67476
3.40868
3.40868
4.09042
4.86954
5.3565
2.97042
0.438259
1.46086
2.43477
2.97042
3.40868
3.89563
4.52868
5.06433
5.45389
5.21041
4.2852
4.57737
5.59998
5.45389
2.97042
3.31129
4.13911
4.96693
5.21041
1.0226
0.438259
1.46086
2.58086
3.45738
3.2139
3.45738
3.70085
4.33389
5.50258
5.64867
4.43128
5.3078
4.33389
1.55825
2.33738
3.26259
4.2365
5.11302
5.45389
0.827822
0.438259
1.46086
2.43477
3.45738
4.38259
4.18781
4.52868
5.3565
6.23302
6.67127
5.55128
6.86606
0.243477
1.26608
2.28869
3.26259
4.2365
5.16172
4.47998
0.827822
0.438259
1.46086
2.43477
3.45738
4.43128
5.55128
5.64867
6.03823
6.23302
6.52519
6.57388
8.32692
0.243477
1.26608
2.28869
3.26259
4.2365
5.25911
1.75304
0.827822
0.438259
1.46086
2.43477
3.45738
4.43128
3.50607
3.31129
4.04172
5.25911
6.23302
7.10953
8.03475
2.82434
1.21739
2.28869
3.26259
4.2365
5.3078
1.55825
0.827822
0.486954
1.46086
2.48347
3.45738
3.31129
2.23999
3.26259
4.2852
5.3078
6.28171
6.76867
5.45389
6.33041
5.06433
2.58086
3.40868
4.38259
5.64867
1.31478
0.827822
0.486954
1.46086
2.43477
3.50607
1.26608
2.23999
3.2139
4.2365
5.25911
6.18432
7.35301
5.3565
5.21041
5.69737
6.3791
4.86954
4.96693
5.16172
1.31478
0.827822
0.438259
1.46086
2.43477
0.292173
1.21739
2.23999
3.2139
4.18781
5.25911
6.23302
7.4991
5.3078
5.69737
4.77215
6.86606
6.08693
5.11302
5.11302
0.779127
0.973909
0.486954
1.50956
2.53216
0.243477
1.21739
2.23999
3.2139
4.2365
5.25911
6.18432
7.74257
5.3565
5.89215
5.11302
7.15823
7.69388
5.89215
4.67476
0.486954
1.26608
0.876518
1.55825
2.82434
0.243477
1.21739
2.1426
3.11651
4.13911
5.3078
6.28171
8.08344
5.06433
5.69737
5.69737
7.30432
8.18083
7.10953
4.33389
0.486954
1.31478
1.16869
1.85043
2.87303
0.292173
1.16869
2.0939
3.06781
4.13911
5.25911
6.4278
7.93736
4.52868
5.50258
6.03823
6.86606
7.64518
7.88866
4.43128
0.730431
1.16869
1.65564
2.77564
3.1652
0.292173
1.0713
2.0939
3.06781
4.09042
5.25911
6.67127
7.88866
4.33389
5.16172
5.98954
7.10953
7.88866
8.47301
5.45389
1.70434
0.925213
2.0939
3.1652
3.45738
1.0226
1.0713
2.0939
3.06781
4.09042
5.25911
7.06084
7.74257
5.59998
5.06433
6.3791
7.93736
7.74257
8.18083
6.76867
2.23999
1.0226
2.62955
3.55477
3.65216
3.11651
1.0713
2.0939
3.06781
4.09042
5.3565
7.40171
7.83996
8.18083
7.59649
7.40171
7.59649
6.86606
6.28171
4.86954
0.486954
1.0713
2.38608
3.45738
3.79824
4.2365
1.0713
2.04521
3.06781
4.09042
5.45389
7.10953
7.25562
8.27822
8.71648
7.15823
5.59998
4.67476
3.99303
3.45738
0.146086
1.0226
1.99651
3.35998
3.65216
4.2365
1.11999
2.04521
3.06781
4.04172
5.59998
6.4278
6.71997
7.74257
7.40171
5.64867
4.33389
4.09042
3.35998
3.79824
0.146086
1.0226
1.75304
3.1652
3.50607
3.84694
3.89563
2.38608
3.40868
4.96693
6.13562
5.55128
5.16172
6.08693
5.45389
4.47998
4.2852
3.99303
3.65216
3.99303
0.146086
1.0226
1.70434
2.97042
3.11651
3.55477
3.99303
4.91824
5.55128
6.28171
5.94084
5.06433
4.43128
5.01563
4.91824
4.52868
4.47998
4.43128
4.43128
4.38259
0.146086
1.0226
1.55825
2.67825
2.82434
3.45738
3.79824
4.72346
5.40519
5.89215
5.3078
4.77215
4.57737
4.96693
5.01563
4.62607
4.62607
4.72346
4.72346
4.91824
2.04521
1.0226
0.486954
0.486954
0.584345
0.584345
0.584345
0.584345
0.633041
0.681736
0.681736
0.730431
0.779127
1.41217
2.04521
1.75304
1.11999
0.730431
0.633041
0.633041
0.730431
0.681736
1.46086
1.46086
1.55825
1.55825
1.50956
1.50956
1.55825
1.55825
1.55825
1.60695
1.65564
1.99651
2.72694
2.77564
2.0939
1.60695
1.60695
1.60695
1.55825
1.60695
2.43477
2.43477
2.43477
2.38608
2.43477
2.48347
2.43477
2.48347
2.43477
2.53216
2.43477
2.19129
1.75304
1.0713
0.730431
0.53565
1.85043
2.43477
2.48347
2.43477
3.40868
3.45738
3.40868
3.40868
3.40868
3.50607
3.45738
3.50607
3.45738
3.45738
3.01912
1.60695
0.876518
0.876518
0.876518
0.876518
0.876518
0.876518
3.40868
3.45738
4.43128
4.47998
4.43128
4.43128
4.43128
4.47998
4.38259
4.43128
4.2852
3.01912
1.94782
2.1426
1.89912
1.89912
1.89912
1.89912
1.89912
1.89912
4.43128
4.47998
5.40519
5.45389
5.45389
5.45389
5.3565
5.25911
1.94782
1.36347
1.36347
1.50956
1.70434
2.58086
2.82434
2.87303
2.92173
2.87303
2.87303
2.87303
5.3565
5.40519
6.3791
6.4278
6.4278
6.4278
6.08693
1.50956
1.94782
2.28869
2.33738
2.33738
2.33738
2.38608
2.43477
3.60346
3.79824
3.89563
3.84694
5.94084
6.33041
6.33041
7.35301
7.4504
7.40171
7.40171
2.1426
2.58086
2.97042
3.35998
3.40868
3.40868
3.40868
3.35998
3.26259
3.60346
4.2852
5.69737
6.86606
7.15823
7.30432
7.25562
8.32692
8.37561
8.37561
4.04172
3.31129
3.60346
4.33389
4.47998
4.43128
4.38259
4.38259
4.38259
4.2852
4.18781
5.06433
6.76867
8.08344
8.42431
8.47301
8.27822
9.05735
9.44691
9.20344
4.47998
4.43128
4.43128
4.91824
5.3078
5.45389
5.50258
5.50258
5.40519
5.11302
4.91824
5.3565
6.47649
8.47301
9.34952
9.44691
9.34952
8.71648
9.44691
8.27822
3.50607
2.87303
2.67825
2.72694
3.35998
6.4278
6.3791
6.4278
6.33041
5.45389
5.50258
5.45389
5.74606
6.47649
8.81387
9.83648
9.6417
5.21041
6.13562
6.08693
3.94433
3.70085
3.70085
3.74955
3.70085
7.15823
7.10953
7.06084
5.89215
3.89563
3.84694
4.04172
4.04172
3.89563
4.91824
8.66779
8.95996
4.82085
5.25911
5.59998
5.01563
4.72346
4.72346
4.72346
4.77215
6.81736
7.59649
7.20692
5.21041
4.09042
4.13911
3.99303
3.70085
3.94433
5.16172
7.59649
8.32692
5.25911
5.55128
6.3791
5.64867
5.69737
5.74606
5.69737
5.69737
6.71997
7.69388
7.20692
5.64867
4.91824
4.57737
4.18781
3.74955
3.94433
4.13911
4.38259
4.47998
5.69737
5.69737
6.3791
6.47649
6.76867
6.76867
6.71997
6.76867
7.15823
7.93736
7.30432
6.13562
5.40519
4.38259
3.99303
3.70085
3.84694
3.26259
1.94782
1.89912
4.2852
4.2365
4.43128
5.69737
6.76867
7.54779
7.4991
7.54779
8.18083
8.42431
7.20692
6.08693
4.96693
4.18781
3.89563
3.60346
3.50607
3.1652
2.87303
2.82434
3.45738
3.60346
3.60346
3.70085
3.65216
5.06433
6.28171
6.96345
7.30432
5.40519
4.77215
4.82085
4.38259
3.79824
3.70085
3.70085
3.94433
3.79824
3.84694
3.89563
4.13911
4.13911
4.04172
3.89563
3.79824
3.99303
4.33389
5.50258
5.40519
4.77215
4.38259
4.2852
4.13911
4.09042
3.94433
4.57737
4.57737
4.77215
4.82085
4.91824
4.82085
4.82085
4.67476
4.43128
4.52868
4.57737
5.01563
5.55128
5.06433
4.82085
4.67476
4.47998
4.33389
4.18781
4.2852
4.96693
5.40519
5.79476
5.89215
5.84345
5.11302
4.91824
4.82085
4.77215
4.82085
4.86954
4.67476
4.52868
3.70085
3.11651
2.92173
2.92173
3.06781
2.82434
3.60346
4.43128
5.40519
6.62258
6.86606
6.86606
1.31478
2.23999
3.79824
3.79824
4.33389
4.47998
5.3565
5.11302
4.2365
3.50607
2.72694
3.01912
5.3078
5.45389
4.91824
3.99303
3.26259
2.33738
1.99651
0.876518
1.46086
0.973909
4.96693
5.40519
4.96693
3.89563
4.72346
5.21041
4.2365
3.50607
3.01912
2.82434
6.08693
5.74606
5.11302
4.13911
3.2139
2.33738
1.60695
0.53565
1.60695
0.633041
8.42431
10.4208
5.59998
3.01912
3.60346
4.86954
4.04172
3.35998
3.06781
5.84345
5.69737
4.62607
3.55477
2.58086
2.19129
2.38608
1.46086
0.486954
1.65564
0.633041
9.49561
12.3199
10.8591
6.67127
5.16172
4.96693
4.04172
3.45738
5.94084
7.15823
5.59998
4.57737
3.50607
2.58086
1.55825
0.486954
1.46086
0.486954
1.65564
0.681736
9.34952
12.4173
11.7843
10.8104
8.71648
6.28171
4.43128
3.89563
6.91475
7.20692
5.59998
4.57737
3.50607
2.58086
1.55825
0.53565
1.46086
0.486954
1.65564
0.633041
10.6643
12.4173
11.7843
8.71648
6.23302
5.16172
4.91824
4.2365
4.77215
6.18432
6.33041
4.52868
3.50607
2.58086
1.55825
0.53565
1.46086
0.486954
1.65564
3.2139
11.2
11.9304
9.10605
4.04172
4.67476
7.20692
6.33041
5.06433
3.94433
3.06781
2.92173
5.50258
3.60346
2.53216
1.94782
2.53216
1.46086
0.486954
1.70434
4.47998
11.2973
5.01563
2.77564
4.2852
5.40519
7.4504
6.33041
5.25911
4.2852
3.26259
2.38608
2.72694
5.25911
4.43128
3.55477
2.48347
1.46086
0.486954
1.85043
4.77215
11.1026
3.45738
3.01912
5.06433
6.57388
7.40171
6.33041
5.25911
4.2365
3.26259
2.28869
1.46086
4.82085
4.38259
3.50607
2.58086
1.46086
0.486954
1.99651
5.06433
11.3947
3.55477
5.21041
6.67127
6.4278
7.35301
6.28171
5.25911
4.2365
3.26259
2.28869
1.31478
3.79824
4.38259
3.45738
2.58086
1.46086
0.486954
2.1426
5.59998
12.0278
8.37561
6.67127
2.53216
1.60695
7.25562
6.28171
5.3078
4.2852
3.26259
2.28869
1.36347
2.58086
4.2852
3.45738
2.62955
1.46086
0.486954
2.19129
6.08693
10.713
9.34952
3.94433
2.62955
1.65564
0.633041
6.33041
5.25911
4.2852
3.26259
2.28869
1.50956
2.97042
4.13911
3.40868
2.53216
1.46086
0.486954
3.11651
7.4504
8.47301
5.98954
3.55477
2.62955
1.55825
0.584345
6.28171
5.25911
4.18781
3.2139
2.33738
2.04521
4.09042
4.18781
3.31129
2.58086
1.46086
0.486954
3.60346
6.67127
6.96345
4.91824
3.55477
2.58086
1.60695
0.584345
6.23302
5.21041
4.18781
3.2139
2.48347
4.67476
4.67476
4.09042
3.31129
2.48347
1.46086
0.486954
3.84694
5.55128
6.13562
4.82085
3.55477
2.58086
1.55825
0.53565
6.33041
5.11302
4.18781
3.31129
5.3078
5.74606
4.57737
4.04172
3.40868
2.43477
1.46086
0.486954
3.99303
4.77215
5.55128
4.86954
3.50607
2.58086
1.55825
0.633041
6.33041
4.96693
5.16172
5.11302
5.79476
5.45389
4.38259
3.94433
3.50607
2.43477
1.46086
0.486954
4.09042
4.62607
5.3565
4.96693
3.06781
2.53216
1.55825
5.21041
6.33041
5.50258
6.52519
5.74606
5.21041
5.06433
3.99303
4.04172
3.50607
2.48347
1.46086
0.486954
4.13911
4.67476
4.91824
4.77215
3.79824
2.58086
1.94782
7.4991
6.91475
5.45389
5.59998
4.86954
4.52868
4.57737
3.89563
3.94433
3.55477
2.48347
1.46086
0.486954
4.2852
4.82085
4.77215
4.67476
6.52519
8.08344
7.06084
7.35301
6.52519
5.11302
5.01563
4.62607
4.47998
4.62607
4.04172
3.99303
3.55477
2.53216
1.46086
0.486954
4.18781
5.06433
5.01563
5.40519
7.93736
8.18083
6.96345
6.4278
5.84345
5.01563
4.47998
4.18781
4.57737
4.62607
4.2365
3.99303
3.60346
2.48347
1.46086
0.486954
7.01214
4.38259
3.84694
3.45738
3.79824
5.3565
6.28171
6.03823
5.45389
4.2365
3.99303
3.94433
3.94433
3.35998
3.11651
3.06781
2.97042
3.40868
4.43128
8.27822
7.01214
6.81736
4.86954
4.04172
4.57737
5.45389
5.64867
5.55128
5.45389
4.62607
3.50607
3.45738
4.33389
4.38259
3.99303
2.92173
3.84694
5.74606
7.69388
7.88866
5.84345
5.84345
5.40519
5.11302
4.2852
4.38259
4.52868
4.57737
4.57737
4.38259
3.40868
3.55477
3.40868
3.40868
3.40868
3.40868
3.35998
4.96693
6.81736
6.71997
5.06433
5.01563
4.96693
6.13562
7.59649
5.11302
3.84694
3.84694
3.65216
3.79824
3.74955
3.26259
2.38608
2.38608
2.38608
2.43477
2.38608
2.48347
5.64867
5.79476
4.09042
3.99303
5.01563
10.3721
10.8104
10.6156
10.4695
9.88517
5.94084
3.65216
3.26259
3.60346
1.41217
1.41217
1.41217
1.46086
1.46086
1.46086
4.52868
4.67476
3.01912
3.11651
8.76518
9.30083
8.95996
6.91475
4.57737
4.43128
4.33389
3.26259
3.70085
5.79476
1.75304
0.389563
0.438259
0.438259
0.438259
0.486954
3.65216
3.65216
4.09042
7.64518
8.37561
8.32692
7.35301
6.62258
6.96345
6.81736
6.86606
6.33041
5.89215
5.06433
4.96693
4.91824
1.16869
1.0226
2.43477
7.74257
7.40171
2.62955
6.03823
6.3791
7.4991
6.62258
5.69737
5.79476
5.79476
5.84345
6.18432
6.96345
7.06084
7.06084
6.91475
6.62258
6.28171
6.03823
6.23302
6.86606
7.20692
6.67127
5.16172
5.3565
5.94084
4.52868
4.47998
4.62607
5.40519
5.94084
5.94084
5.98954
5.98954
5.94084
5.79476
5.50258
5.69737
5.84345
5.59998
6.08693
6.23302
6.33041
4.2852
4.33389
4.2365
3.45738
3.45738
3.55477
4.33389
4.91824
5.11302
5.06433
5.06433
5.01563
4.86954
4.82085
5.21041
4.96693
4.82085
5.25911
5.69737
5.94084
3.55477
3.45738
3.31129
2.48347
2.43477
2.62955
3.89563
4.18781
4.13911
4.09042
4.09042
4.04172
4.04172
3.99303
4.04172
3.99303
3.94433
4.2852
4.96693
7.15823
3.35998
2.77564
3.74955
2.43477
6.57388
7.06084
7.01214
6.86606
3.1652
3.06781
3.06781
3.06781
3.06781
3.01912
3.2139
3.45738
3.65216
3.84694
7.06084
8.08344
5.21041
5.06433
5.45389
5.89215
5.98954
6.03823
6.08693
6.08693
4.62607
2.1426
2.0939
1.99651
2.04521
2.04521
2.19129
2.82434
3.50607
6.4278
7.30432
7.40171
5.25911
5.25911
5.21041
4.96693
5.06433
5.16172
5.11302
5.11302
5.11302
1.41217
1.11999
1.0713
1.0713
1.36347
4.2365
4.82085
5.50258
6.28171
6.4278
6.33041
4.96693
4.86954
4.72346
4.2365
4.13911
4.18781
4.13911
4.09042
4.13911
3.55477
1.94782
0.876518
1.65564
3.79824
4.72346
4.77215
5.21041
5.40519
5.40519
5.45389
4.33389
4.2365
4.13911
3.45738
3.11651
3.1652
3.1652
3.11651
2.97042
2.97042
3.11651
3.74955
4.04172
4.18781
4.2365
4.2365
4.2852
4.38259
4.43128
4.43128
3.50607
3.50607
3.50607
2.97042
2.23999
2.19129
2.19129
2.19129
2.1426
2.38608
3.11651
3.45738
3.40868
3.40868
3.55477
3.50607
3.50607
3.40868
3.45738
3.50607
3.01912
2.92173
2.82434
2.53216
1.75304
1.31478
1.36347
2.28869
2.82434
2.67825
2.82434
3.06781
3.2139
3.2139
3.2139
3.31129
2.92173
2.43477
2.48347
2.43477
3.11651
2.58086
1.89912
1.80173
1.55825
1.55825
1.80173
2.38608
2.48347
2.67825
3.2139
3.74955
3.94433
4.04172
3.74955
3.26259
2.92173
2.1426
1.46086
1.46086
2.04521
1.55825
0.876518
0.633041
0.584345
0.584345
0.633041
0.633041
0.827822
1.21739
1.65564
2.53216
2.92173
2.97042
2.67825
2.23999
1.75304
1.31478
0.633041
0.486954
